#ネズミその１(黒かなり有利)
0000000000000000000000000001200000021000000000000000000000000000,5,3
0000000000000000000000000001200000111000000000000000000000000000,4,3
0000000000000000000000000022200000111000000000000000000000000000,3,4
0000000000000000000100000021200000111000000000000000000000000000,6,3
0000000000000000000100000021200000221000002000000000000000000000,3,5
0000000000000000000110000021100000221000002000000000000000000000,5,6
0000000000000000000110000021100000222200002000000000000000000000,6,5
0000000000000000000110000021100000221200002010000000000000000000,4,6
0000000000000000000110000022220000221200002010000000000000000000,6,4
#ネズミその２(黒有利)
0000000000000000000000000001200000021000000000000000000000000000,5,3
0000000000000000000000000001200000111000000000000000000000000000,4,3
0000000000000000000000000022200000111000000000000000000000000000,3,4
0000000000000000000100000021200000111000000000000000000000000000,6,3
0000000000000000000100000021200000221000002000000000000000000000,3,5
0000000000000000000110000021100000221000002000000000000000000000,4,6
0000000000000000000110000022220000221000002000000000000000000000,6,4
0000000000000000000110000021220000211000002100000000000000000000,5,6
0000000000000000000110000021220000222200002100000000000000000000,6,5
#ネズミその３(黒有利)
0000000000000000000000000001200000021000000000000000000000000000,5,3
0000000000000000000000000001200000111000000000000000000000000000,4,3
0000000000000000000000000022200000111000000000000000000000000000,3,4
0000000000000000000100000021200000111000000000000000000000000000,6,3
0000000000000000000100000021200000221000002000000000000000000000,3,5
0000000000000000000110000021100000221000002000000000000000000000,2,4
0000000000020000000210000022100000221000002000000000000000000000,2,3
0000000000120000000110000022100000221000002000000000000000000000,2,5
0000000000122000000210000022100000221000002000000000000000000000,3,3
0000000000122000001110000021100000221000002000000000000000000000,4,2
