#public draw11手まで
0000000000000000000000000001200000021000000000000000000000000000,5,3
0000000000000000000000000001200000111000000000000000000000000000,6,5
0000000000000000000000000001200000112000000020000000000000000000,3,6
0000000000000000000001000001100000112000000020000000000000000000,3,5
0000000000000000000021000001200000112000000020000000000000000000,4,6
0000000000000000000021000001110000112000000020000000000000000000,4,3
0000000000000000000021000021110000122000000020000000000000000000,5,6
0000000000000000000021000021110000111100000020000000000000000000,3,7
0000000000000000000022200021110000111100000020000000000000000000,2,6
0000000000000100000011200021110000111100000020000000000000000000,4,7
0000000000000100000011200022222000111200000020000000000000000000,3,4
0000000000000100000111200021222000111200000020000000000000000000,6,4
0000000000000100000111200021222000112200000220000000000000000000,6,6
0000000000000100000111200021212000111100000221000000000000000000,6,3
0000000000000100000111200021212000221100002221000000000000000000,5,8
0000000000000100000111200021211000221101002221000000000000000000,4,8
0000000000000100000111200021222200221101002221000000000000000000,5,7
0000000000000100000111200021212200221111002221000000000000000000,6,8
0000000000000100000111200021212200221112002221020000000000000000,7,5
0000000000000100000111200021212200221112002211020000100000000000,7,6
0000000000000100000111200021212200221112002221020000120000000000,7,4
0000000000000100000111200021212200211112002111020001120000000000,8,4
0000000000000100000111200021212200211122002112020001220000020000,6,7
0000000000000100000111200021212200211122002111120001220000020000,8,5
0000000000000100000111200021212200211122002111120002220000022000,3,2
0000000000000100010111200011212200211122002111120002220000022000,7,3
0000000000000100010111200011222200212122002211120022220000022000,5,2
#11手目で変化
0000000000000100000011200022222000111200000020000000000000000000,6,6
0000000000000100000011200022212000111100000021000000000000000000,2,5
0000000000002100000022200022212000111100000021000000000000000000,6,4
0000000000002100000022200022212000111100000111000000000000000000,5,7
0000000000002100000022200022222000111120000111000000000000000000,5,8
0000000000002100000022200022222000111111000111000000000000000000,6,8
0000000000002100000022200022222000111121000111020000000000000000,3,8
0000000000002100000022210022221000111121000111020000000000000000,6,7
0000000000002100000022210022221000111221000111220000000000000000,4,8
0000000000002100000022110022221100111211000111220000000000000000,2,8
0000000000002102000022220022221200111212000111220000000000000000,3,4
0000000000002102000122220021221200111212000111220000000000000000,3,3
0000000000002102002222220021221200111212000111220000000000000000,4,2
0000000000002102002222220111221200111212000111220000000000000000,1,6
0000020000002202002222220111221200111212000111220000000000000000,2,3
0000020000102202001222220111221200111212000111220000000000000000,3,2
0000020000102202022222220111221200111212000111220000000000000000,4,1
0000020000102202012222221111221200111212000111220000000000000000,3,1
0000020000102202222222221111221200111212000111220000000000000000,2,1
0000020010102202112222221111221200111212000111220000000000000000,1,3
0020020010202202112222221111221200111212000111220000000000000000,1,3
#17手目で変化
0000000000002100000022200022222000111121000111020000000000000000,7,8
0000000000002100000022200022222000111121000111010000000100000000,6,7
0000000000002100000022200022222000111221000111210000000100000000,7,6
0000000000002100000022200022222000111221000111110000010100000000,5,2
0000000000002100000022200022222002222221000111110000010100000000,5,2
#10手目で変化
0000000000000100000011200021110000111100000020000000000000000000,6,4
0000000000000100000011200021120000112100000220000000000000000000,6,6
0000000000000100000011200021120000111100000221000000000000000000,4,7
0000000000000100000011200021122000111200000221000000000000000000,5,7
0000000000000100000011200021112000111110000221000000000000000000,2,5
0000000000002100000022200021212000112110000221000000000000000000,3,4
0000000000002100000122200021112000112110000221000000000000000000,6,8
0000000000002100000122200021122000112120000221020000000000000000,1,6
0000010000001100000122200021122000112120000221020000000000000000,6,7
0000010000001100000122200021122000112120000222220000000000000000,3,3
0000010000001100001122200011122000112120000222220000000000000000,6,3
0000010000001100001122200011222000122120002222220000000000000000,7,3
0000010000001100001122200011222000122120001222220010000000000000,5,2
0000010000001100001122200011222002222120001222220010000000000000,7,5
0000010000001100001112200011122002221120001212220010100000000000,7,6
#10手目で変化
0000000000000100000011200021110000111100000020000000000000000000,3,4
0000000000000100000222200021110000111100000020000000000000000000,2,5
0000000000001100000212200021110000111100000020000000000000000000,6,6
0000000000001100000212200021120000111200000022000000000000000000,4,7
0000000000001100000211200021111000111200000022000000000000000000,3,8
0000000000001100000211220021112000111200000022000000000000000000,3,2
0000000000001100010211220011112000111200000022000000000000000000,4,2
0000000000001100010211220222222000111200000022000000000000000000,3,3
0000000000001100011111220211222000111200000022000000000000000000,1,6
0000020000001200011112220211222000111200000022000000000000000000,5,7
0000020000001200011112220211212000111110000022000000000000000000,4,8
0000020000001200011112220211212200111120000022000000000000000000,6,8
0000020000001200011112220211212200111110000022010000000000000000,1,5
0000220000002200011122220211212200111110000022010000000000000000,2,4
0000220000012200011112220211212200111110000022010000000000000000,2,3
#15手目で変化
0000000000001100000211200021111000111200000022000000000000000000,3,8
0000000000001100000211220021112000111200000022000000000000000000,4,2
0000000000001100000211220111112000111200000022000000000000000000,3,3
0000000000001100002211220112112000112200000022000000000000000000,6,4
0000000000001100002211220112112000111200000122000000000000000000,7,3
0000000000001100002211220112122000112200000222000020000000000000,5,7
0000000000001100002211220112112000111110000222000020000000000000,4,8
0000000000001100002211220112112200111120000222000020000000000000,6,8
0000000000001100002211220112112200111110000222010020000000000000,1,5
0000200000002200002221220112212200112110000222010020000000000000,2,4
0000200000012200001111220111212200112110000222010020000000000000,2,3
#8手目で変化．形跡不明．あまりさされない
0000000000000000000021000021110000111100000020000000000000000000,4,7
0000000000000000000021000022222000111200000020000000000000000000,6,6
0000000000000000000021000022212000111100000021000000000000000000,6,4
0000000000000000000021000022212000121100000221000000000000000000,3,8
0000000000000000000021010022211000121100000221000000000000000000,3,7
0000000000000000000022210022221000122100000221000000000000000000,2,5
0000000000001000000021210022221000122100000221000000000000000000,2,6
0000000000001200000022210022221000122100000221000000000000000000,1,6
#60手までの一例
0000000000000000000000000001200000021000000000000000000000000000,5,3
0000000000000000000000000001200000111000000000000000000000000000,6,5
0000000000000000000000000001200000112000000020000000000000000000,3,6
0000000000000000000001000001100000112000000020000000000000000000,3,5
0000000000000000000021000001200000112000000020000000000000000000,4,6
0000000000000000000021000001110000112000000020000000000000000000,4,3
0000000000000000000021000021110000122000000020000000000000000000,5,6
0000000000000000000021000021110000111100000020000000000000000000,3,7
0000000000000000000022200021110000111100000020000000000000000000,2,6
0000000000000100000011200021110000111100000020000000000000000000,4,7
0000000000000100000011200022222000111200000020000000000000000000,3,4
0000000000000100000111200021222000111200000020000000000000000000,6,4
0000000000000100000111200021222000112200000220000000000000000000,6,6
0000000000000100000111200021212000111100000221000000000000000000,6,3
0000000000000100000111200021212000221100002221000000000000000000,5,8
0000000000000100000111200021211000221101002221000000000000000000,4,8
0000000000000100000111200021222200221101002221000000000000000000,5,7
0000000000000100000111200021212200221111002221000000000000000000,6,8
0000000000000100000111200021212200221112002221020000000000000000,7,5
0000000000000100000111200021212200221112002211020000100000000000,7,6
0000000000000100000111200021212200221112002221020000120000000000,7,4
0000000000000100000111200021212200211112002111020001120000000000,8,4
0000000000000100000111200021212200211122002112020001220000020000,6,7
0000000000000100000111200021212200211122002111120001220000020000,8,5
0000000000000100000111200021212200211122002111120002220000022000,3,2
0000000000000100010111200011212200211122002111120002220000022000,7,3
0000000000000100010111200011222200212122002211120022220000022000,5,2
0000000000000100010111200011222201112122002211120022220000022000,1,5
0000200000000200010111200011222201112122002211120022220000022000,1,6
0000210000000100010111200011222201112122002211120022220000022000,1,7
0000222000000100010111200011222201112122002211120022220000022000,6,2
0000222000000100010111200011222201112122011111120022220000022000,2,5
0000222000002100010122200011222201112122011111120022220000022000,2,8
0000222000002101010122100011212201111122011111120022220000022000,2,3
0000222000202101010222100011212201111122011111120022220000022000,8,2
0000222000202101010222100011212201111122011111120012220001022000,4,1
0000222000202101020222102011212202111122012111120012220001022000,5,1
0000222000202101020222102011212211111122012111120012220001022000,7,7
0000222000202101020222102011212211111122012111220012222001022000,8,8
0000222000202101020222102011212211111122012111220012221001022001,8,3
0000222000202101020222102011212211111122012111220022221001222001,8,7
0000222000202101020222102011212211111122012111220022211001222011,8,6
0000222000202101020222102011222211111222012112220022222001222211,2,7
0000222000202111020221102011122211111222012112220022222001222211,4,2
0000222000202111020221102222222211211222012212220022222001222211,3,8
0000222000202111020221112222221211211122012212220022222001222211,7,1
0000222000202111020221112222221211211122022212222022222001222211,7,8
0000222000202111020221112222221111211121022212112022222101222211,6,1
0000222000202111020221112222221122211121222212112022222101222211,1,4
0001222000201111020221112222221122211121222212112022222101222211,1,8
0001222200201121020222112222221122211121222212112022222101222211,2,4
0001222200211121020112112221211122211111222212112022222101222211,1,3
0022222200211121020112112221211122211111222212112022222101222211,7,2
0022222200211121020112112221211122211111221212112111111101222211,3,3
0022222200221121022222112222211122212111221212112111111101222211,2,2
0022222201111121011222112121211121211111211211112111111101222211,1,2
#また一例(白がパス・引き分け)
0000000000000000000000000001200000021000000000000000000000000000,5,3
0000000000000000000000000001200000111000000000000000000000000000,6,5
0000000000000000000000000001200000112000000020000000000000000000,3,6
0000000000000000000001000001100000112000000020000000000000000000,3,5
0000000000000000000021000001200000112000000020000000000000000000,4,6
0000000000000000000021000001110000112000000020000000000000000000,4,3
0000000000000000000021000021110000122000000020000000000000000000,5,6
0000000000000000000021000021110000111100000020000000000000000000,3,7
0000000000000000000022200021110000111100000020000000000000000000,2,6
0000000000000100000011200021110000111100000020000000000000000000,4,7
0000000000000100000011200022222000111200000020000000000000000000,3,4
0000000000000100000111200021222000111200000020000000000000000000,6,4
0000000000000100000111200021222000112200000220000000000000000000,6,6
0000000000000100000111200021212000111100000221000000000000000000,6,3
0000000000000100000111200021212000221100002221000000000000000000,5,8
0000000000000100000111200021211000221101002221000000000000000000,4,8
0000000000000100000111200021222200221101002221000000000000000000,5,7
0000000000000100000111200021212200221111002221000000000000000000,6,8
0000000000000100000111200021212200221112002221020000000000000000,7,5
0000000000000100000111200021212200221112002211020000100000000000,7,6
0000000000000100000111200021212200221112002221020000120000000000,7,4
0000000000000100000111200021212200211112002111020001120000000000,8,4
0000000000000100000111200021212200211122002112020001220000020000,6,7
0000000000000100000111200021212200211122002111120001220000020000,8,5
0000000000000100000111200021212200211122002111120002220000022000,3,2
0000000000000100010111200011212200211122002111120002220000022000,7,3
0000000000000100010111200011222200212122002211120022220000022000,5,2
0000000000000100010111200011222201112122002211120022220000022000,1,5
0000200000000200010111200011222201112122002211120022220000022000,1,6
0000210000000100010111200011222201112122002211120022220000022000,1,7
0000222000000100010111200011222201112122002211120022220000022000,6,2
0000222000000100010111200011222201112122011111120022220000022000,2,5
0000222000002100010122200011222201112122011111120022220000022000,2,8
0000222000002101010122100011212201111122011111120022220000022000,2,3
0000222000202101010222100011212201111122011111120022220000022000,8,2
0000222000202101010222100011212201111122011111120012220001022000,4,2
0000222000202101010222100222212201211122011211120012220001022000,8,7
0000222000202101010222100222212201211122011211120012210001022010,2,1
0000222020202101020222100222212201211122011211120012210001022010,4,1
0000222020202101020222101111112201211122011211120012210001022010,6,1
0000222020202101020222101121112202211122222211120012210001022010,2,2
0000222021202101010222101121112202211122222211120012210001022010,8,6
0000222021202101010222101121122202211222222212120012220001022210,8,3
0000222021202101010222101121122202211222222212120011220001111110,3,3
0000222021202101012222101122122202212222222212120011220001111110,1,4
0001222021102101012222101122122202212222222212120011220001111110,1,3
0022222021202101012222101122122202212222222212120011220001111110,5,1
0022222021202101012222101122122211112222212212120011220001111110,1,1
2022222022202101012222101122122211112222212212120011220001111110,2,7
2022222022202111012221101122122211112222212212120011220001111110,1,8
2022222222202121012222101122222211122222212212120011220001111110,3,8
2022222222202121012222111122221211122122212212120011220001111110,3,1
2022222222202121222222112222221221222122212212120011220001111110,7,7
2022222222202121222222112222221221222122212212120011111001111110,7,1
2022222222202121222222112222221221222122222212122011111001111110,2,4
2022222222211121222122112221221221212122222112122011111001111110,8,8
2022222222211121222122112221221221212122222112122011112001111112,7,8
2022222222211121222122112221221121212121222112112011111101111112,8,1
2022222222211121222122112221221121212121222112112011111122222222,7,2
#
#うさぎ定跡
#
#最善手を打ち続けると白が２石差で勝つが，人間界ではどちらが有利とはいえない．
#というわけでwhite.txtに移してもかまわない．
#---------------------------------
#代表的な手筋
0000000000000000000000000001200000021000000000000000000000000000,5,3
0000000000000000000000000001200000111000000000000000000000000000,6,5
0000000000000000000000000001200000112000000020000000000000000000,5,6
0000000000000000000000000001200000111100000020000000000000000000,4,3
0000000000000000000000000022200000121100000020000000000000000000,3,4
0000000000000000000100000022100000121100000020000000000000000000,6,6
0000000000000000000100000022100000122100000022000000000000000000,3,5
0000000000000000000110000021100000122100000022000000000000000000,6,3
0000000000000000000110000021100000222100002022000000000000000000,6,4
0000000000000000000110000021100000212100002122000000000000000000,7,5
0000000000000000000110000021100000212100002222000000200000000000,3,2
0000000000000000010110000011100000212100002222000000200000000000,4,6
0000000000000000010110000011120000212200002222000000200000000000,4,7
0000000000000000010110000011111000212200002222000000200000000000,3,7
0000000000000000010110200011121000212200002222000000200000000000,5,2
0000000000000000010110200011121001112200002222000000200000000000,3,6
0000000000000000010112200011221001122200002222000000200000000000,5,7
0000000000000000010112200011211001111110002222000000200000000000,5,8
0000000000000000010112200011212001111112002222000000200000000000,4,8
0000000000000000010112200011211101111112002222000000200000000000,3,8
0000000000000000010112220011212201111212002222000000200000000000,6,7
0000000000000000010112220011112201111112002222100000200000000000,6,8
0000000000000000010112220011112201111112002222220000200000000000,7,3
0000000000000000010112220011112201111112001122220010200000000000,2,5
0000000000002000010122220011212201112112001122220010200000000000,2,4
0000000000012000010112220011212201112112001122220010200000000000,1,3
0020000000022000010122220011222201112122001122220010200000000000,7,4
0020000000022000010122220011222201112122001112220011200000000000,2,3
#18手目で変化
0000000000000000010112200011211001111110002222000000200000000000,2,4
0000000000020000010212200012211001121110002222000000200000000000,7,4
0000000000020000010212200012211001121110001212000001200000000000,7,6
0000000000020000010212200012211001121110001222000001220000000000,6,7
0000000000020000010212200012211001121110001111100001220000000000,2,5
0000000000022000010222200012211001121110001111100001220000000000,3,3
#21手目で変化
0000000000000000010112200011211001111110002222000000200000000000,2,4
0000000000020000010212200012211001121110002222000000200000000000,7,4
0000000000020000010212200012211001121110001212000001200000000000,7,6
0000000000020000010212200012211001121110001222000001220000000000,7,3
0000000000020000010212200012211001121110001122000011220000000000,6,2
#15手目で変化
0000000000000000010110200011121000212200002222000000200000000000,6,7
0000000000000000010110200011121000212100002222100000200000000000,3,6
0000000000000000010112200011221000222100002222100000200000000000,5,7
0000000000000000010112200011211000222110002222100000200000000000,4,2
#13手目で変化
0000000000000000010110000011120000212200002222000000200000000000,5,2
0000000000000000010110000011120001112200002222000000200000000000,3,6
0000000000000000010112000011220001122200002222000000200000000000,4,7
0000000000000000010112000011111001122200002222000000200000000000,3,8
0000000000000000010112020011112001122200002222000000200000000000,5,7
0000000000000000010112020011112001111110002222000000200000000000,3,7
0000000000000000010112220011122001112110002222000000200000000000,4,8
0000000000000000010112220011111101112110002222000000200000000000,2,4
#
#うし定跡
#
##大量とらせ
0000000000000000000000000001200000021000000000000000000000000000,5,3
0000000000000000000000000001200000111000000000000000000000000000,6,3
0000000000000000000000000001200000121000002000000000000000000000,6,4
0000000000000000000000000001200000111000002100000000000000000000,6,5
0000000000000000000000000001200000112000002220000000000000000000,5,6
0000000000000000000000000001200000111100002220000000000000000000,4,3
#このあと白がパスして引き分け
0000000000000000000000000001200000021000000000000000000000000000,5,3
0000000000000000000000000001200000111000000000000000000000000000,6,3
0000000000000000000000000001200000121000002000000000000000000000,6,4
0000000000000000000000000001200000111000002100000000000000000000,6,5
0000000000000000000000000001200000112000002220000000000000000000,5,6
0000000000000000000000000001200000111100002220000000000000000000,4,3
0000000000000000000000000022200000221100002220000000000000000000,7,5
0000000000000000000000000022200000221100002210000000100000000000,4,6
0000000000000000000000000022220000222100002210000000100000000000,3,6
0000000000000000000001000022210000222100002210000000100000000000,8,6
0000000000000000000001000022210000222100002210000000200000000200,3,5
0000000000000000000011000022110000221100002210000000200000000200,7,6
0000000000000000000011000022110000221100002220000000220000000200,7,4
0000000000000000000011000022110000221100002210000001220000000200,7,3
0000000000000000000011000022110000221100002210000022220000000200,5,2
0000000000000000000011000022110001111100002210000022220000000200,4,2
0000000000000000000011000222110001211100002210000022220000000200,8,4
0000000000000000000011000222110001211100002110000021220000010200,6,6
0000000000000000000011000222110001212100002222000021220000010200,8,5
0000000000000000000011000222110001211100002212000021120000011200,8,3
0000000000000000000011000222110001211100002212000021120000222200,3,3
0000000000000000001011000221110001211100002212000021120000222200,5,1
0000000000000000001011000221110022211100002212000021120000222200,3,2
0000000000000000011011000211110022211100002212000021120000222200,2,1
0000000020000000021011000221110022221100002222000021120000222200,6,2
0000000020000000021011000221110022121100012222000021120000222200,6,1
0000000020000000021011000221110022121100222222000021120000222200,7,2
0000000020000000021011000221110022111100221222000111120000222200,2,3
0000000020200000022011000221110022111100221222000111120000222200,5,7
0000000020200000022011000221110022111110221221000111120000222200,6,7
0000000020200000022011000221110022111110221222200111120000222200,7,8
0000000020200000022011000221110022111110221222100111120100222200,4,8
0000000020200000022011000221110222111120221222100111120100222200,6,8
0000000020200000022011000221110222111110221222110111120100222200,3,7
0000000020200000022011200221120222112110221222110111120100222200,4,7
0000000020200000022011200221111222112110221222110111120100222200,3,8
0000000020200000022011220221112222112210221222110111120100222200,5,8
0000000020200000022011220221111222112211221222110111120100222200,8,8
0000000020200000022011220221111222112212221222120111120200222202,8,7
0000000020200000022011220221111222112212221212120111110200222212,3,4
0000000020200000022222220222211222122212221212120111110200222212,8,2
0000000020200000022222220222211222122212221212120111110201111112,7,7
0000000020200000022222220222212222122222221212220111112201111112,3,1
0000000020200000122222220122212222122222221212220111112201111112,4,1
0000000020200000222222222222212222122222221212220111112201111112,2,4
0000000020210000222112222221212222112222221112220111112201111112,2,6
0000000020210200222122222222212222212222221112220111112201111112,2,5
0000000020211200222112222222112222211222221112220111112201111112,1,5
0000200020221200222112222222112222211222221112220111112201111112,1,4
0001200020211200222112222222112222211222221112220111112201111112,1,3
0022200020221200222122222222122222211222221112220111112201111112,1,6
0022210020221100222121222222112222211122221111220111112201111112,1,7
0022222020221200222121222222112222211122221111220111112201111112,2,7
0022222020221110222121122222111222211112221111120111111201111112,8,1
0022222020221110222121122222111222211112221111120111111222222222,7,1
0022222020221110222111122221111222111112211111121111111222222222,1,8
0022222220221120222112122221211222121112212111121211111222222222,2,8
##大量取り　引き分け
0000000000000000000000000001200000021000000000000000000000000000,5,3
0000000000000000000000000001200000111000000000000000000000000000,6,3
0000000000000000000000000001200000121000002000000000000000000000,6,4
0000000000000000000000000001200000111000002100000000000000000000,6,5
0000000000000000000000000001200000112000002220000000000000000000,5,6
0000000000000000000000000001200000111100002220000000000000000000,4,3
0000000000000000000000000022200000221100002220000000000000000000,7,5
0000000000000000000000000022200000221100002210000000100000000000,4,6
0000000000000000000000000022220000222100002210000000100000000000,3,6
0000000000000000000001000022210000222100002210000000100000000000,8,6
0000000000000000000001000022210000222100002210000000200000000200,3,5
0000000000000000000011000022110000221100002210000000200000000200,7,6
0000000000000000000011000022110000221100002220000000220000000200,7,4
0000000000000000000011000022110000221100002210000001220000000200,7,3
0000000000000000000011000022110000221100002210000022220000000200,3,2
0000000000000000010011000012110000211100002210000022220000000200,3,3
0000000000000000012011000022110000211100002210000022220000000200,8,4
0000000000000000012011000022110000211100002110000021220000010200,6,6
0000000000000000012011000022110000212100002222000021220000010200,8,5
0000000000000000012011000022110000211100002212000021120000011200,8,3
0000000000000000012011000022110000211100002212000021120000222200,5,7
0000000000000000012011000022110000211110002211000021120000222200,6,7
0000000000000000012011000022110000211110002222200021120000222200,3,4
0000000000000000011111000021110000211110002222200021120000222200,2,4
0000000000020000011211000022110000221110002222200021120000222200,4,2
0000000000020000011211000111110000121110002122200021120000222200,5,2
0000000000020000011211000121110002221110002122200021120000222200,5,1
0000000000020000011211000121110011111110002122200021120000222200,6,1
0000000000020000011211000121110012111110202122200021120000222200,6,2
0000000000020000011211000121110011111110211122200021120000222200,2,3
0000000000220000012211000121110011111110211122200021120000222200,2,5
0000000000221000012111000111110011111110211122200021120000222200,4,1
0000000000221000022111002111110022111110212122200022120000222200,3,1
0000000000221000111111002111110022111110212122200022120000222200,2,1
0000000020221000221111002121110022121110212122200022120000222200,6,8
0000000020221000221111002121110022121110212111110022120000222200,1,6
0000020020222000221211002121110022121110212111110022120000222200,7,2
0000020020222000221211002121110022111110211111110111120000222200,3,7
0000020020222000221222202121110022111110211111110111120000222200,2,6
0000020020222100221211202121110022111110211111110111120000222200,4,7
0000020020222100221212202122222022111210211121110112120000222200,4,8
0000020020222100221212102111111122111210211121110112120000222200,8,1
0000020020222100221212102111211122121210212121110212120020222200,7,1
0000020020222100221212102111211122121210212121111112120020222200,8,2
0000020020222100221212102111211122121210222121111212120022222200,1,2
0100020020122100221112102111111122121110222121111212120022222200,1,7
0100022020122200221122102112111122221110222121111212120022222200,1,1
1100022010122200121122101112111112221110122121111212120022222200,2,2
1100022012222200122122101112111112221110122121111212120022222200,1,5
1100122012211100121112101112111112221110122121111212120022222200,2,8
1100122012211102121112201112121112222110122221111222120022222200,3,8
1100122012211102121111111112121112222110122221111222120022222200,1,3
1120122012221102121121111112121112222110122221111222120022222200,1,4
1111122012111102111121111112121112222110122221111222120022222200,2,7
1111122012222222111122111112221112222110122221111222120022222200,8,7
1111122012222222111122111112221112212110122211111222110022222210,8,8
1111122012222222111122111112221112212110122211111222110022222222,1,8
1111111112222211111121111112121112212110122211111222110022222222,5,8
1111111112222211111122111112122112212222122211211222120022222222,7,8
1111111112222211111122111112122112212122122211111222120122222222,7,7
