#フラットローズ(白有利)
0000000000000000000000000001200000021000000000000000000000000000,5,3
0000000000000000000000000001200000111000000000000000000000000000,6,5
0000000000000000000000000001200000112000000020000000000000000000,5,6
0000000000000000000000000001200000111100000020000000000000000000,4,3
0000000000000000000000000022200000121100000020000000000000000000,3,4
0000000000000000000100000022100000121100000020000000000000000000,6,6
0000000000000000000100000022100000122100000022000000000000000000,3,5
0000000000000000000110000021100000122100000022000000000000000000,6,3
0000000000000000000110000021100000222100002022000000000000000000,6,4
0000000000000000000110000021100000212100002122000000000000000000,7,5
0000000000000000000110000021100000212100002222000000200000000000,4,2
0000000000000000000110000111100000212100002222000000200000000000,4,6
0000000000000000000110000111120000212200002222000000200000000000,5,2
0000000000000000000110000111120001112200002222000000200000000000,3,6
0000000000000000000112000111220001122200002222000000200000000000,7,3
0000000000000000000112000111220001122200001222000010200000000000,2,5
0000000000002000000122000111220001122200001222000010200000000000,7,4
0000000000002000000122000111220001112200001122000011200000000000,2,3
0000000000202000000222000111220001112200001122000011200000000000,8,6
0000000000202000000222000111220001112200001122000011100000000100,3,3
0000000000202000002222000112220001112200001122000011100000000100,7,6
0000000000202000002222000112220001112200001112000011110000000100,8,5
0000000000202000002222000112220001112200001122000011210000002100,8,4
0000000000202000002222000112220001112200001122000011210000011100,3,2
0000000000202000022222000122220001122200001122000011210000011100,2,4
0000000000212000021122000121220001112200001122000011210000011100,4,1
0000000000212000021122002221220001112200001122000011210000011100,0,0
#13手目で変化
0000000000000000000110000111120000212200002222000000200000000000,6,2
0000000000000000000110000111120000112200012222000000200000000000,5,2
0000000000000000000110000111120002222200012222000000200000000000,7,4
0000000000000000000110000111120002212200012122000001200000000000,8,3
0000000000000000000110000111120002212200012122000002200000200000,7,3
0000000000000000000110000111120002112200011122000012200000200000,6,1
#うし定跡(白２石勝ち)
0000000000000000000000000001200000021000000000000000000000000000,5,3
0000000000000000000000000001200000111000000000000000000000000000,6,3
0000000000000000000000000001200000121000002000000000000000000000,6,4
0000000000000000000000000001200000111000002100000000000000000000,6,5
0000000000000000000000000001200000112000002220000000000000000000,5,6
0000000000000000000000000001200000111100002220000000000000000000,4,3
0000000000000000000000000022200000221100002220000000000000000000,7,5
0000000000000000000000000022200000221100002210000000100000000000,4,6
0000000000000000000000000022220000222100002210000000100000000000,3,6
0000000000000000000001000022210000222100002210000000100000000000,8,6
0000000000000000000001000022210000222100002210000000200000000200,3,5
0000000000000000000011000022110000221100002210000000200000000200,7,6
0000000000000000000011000022110000221100002220000000220000000200,7,4
0000000000000000000011000022110000221100002210000001220000000200,7,3
0000000000000000000011000022110000221100002210000022220000000200,5,2
0000000000000000000011000022110001111100002210000022220000000200,4,2
0000000000000000000011000222110001211100002210000022220000000200,8,4
0000000000000000000011000222110001211100002110000021220000010200,6,6
0000000000000000000011000222110001212100002222000021220000010200,8,5
0000000000000000000011000222110001211100002212000021120000011200,8,3
0000000000000000000011000222110001211100002212000021120000222200,3,3
0000000000000000001011000221110001211100002212000021120000222200,5,1
0000000000000000001011000221110022211100002212000021120000222200,3,2
0000000000000000011011000211110022211100002212000021120000222200,2,1
0000000020000000021011000221110022221100002222000021120000222200,6,2
0000000020000000021011000221110022121100012222000021120000222200,6,1
0000000020000000021011000221110022121100222222000021120000222200,4,1
0000000020000000021011001111110021121100221222000021120000222200,3,1
0000000020000000221011002211110021221100221222000021120000222200,8,2
0000000020000000221011002211110021221100221122000011120001222200,8,1
0000000020000000221011002211110021221100221122000011120022222200,7,1
0000000020000000221011002211110021121100211122001011120022222200,2,4
0000000020020000222011002211110021121100211122001011120022222200,1,1
1000000010020000122011001211110011121100111122001011120022222200,2,5
1000000010022000122021001211210011122100111122001011120022222200,2,2
1000000011022000111021001111210011122100111122001011120022222200,2,6
1000000011022200111022001111220011122200111122001011120022222200,3,7
1000000011022200111022101111210011121200111122001011120022222200,3,4
1000000011022200111222101112210011121200111122001011120022222200,6,7
1000000011022200111222101112210011121200111111101011120022222200,7,2
1000000011022200111222101112210011121200112111101222220022222200,5,7
1000000011022200111222101112210011121110112111101222220022222200,3,8
1000000011022200111222221112210011121110112111101222220022222200,2,3
1000000011122200111122221112110011121110112111101222220022222200,1,2
1200000012122200121122221212110012121110122111101222220022222200,1,5
1200100012111200121112221212110012121110122111101222220022222200,1,6
1200120012112200121212221222110012121110122111101222220022222200,7,7
1200120012112200121212221222110012121110122111101111111022222200,8,7
1200120012112200121212221222110012121110122121101111121022222220,1,3
1110120011112200121212221222110012121110122121101111121022222220,8,8
1110120011112200121212221222110012122110122122101111122022222222,7,8
1110120011112200121212221222110012122110122122101111111122222222,6,8
1110120011112200121212221222110012122110122122221111112222222222,5,8
1110120011112200121212221222110012122111122122121111112222222222,1,4
1112220011222200121212221222110012122111122122121111112222222222,1,7
1111111011222100121212221222110012122111122122121111112222222222,2,7
1111111011222220121212221222110012122111122122121111112222222222,2,8
1111111011111111121212121222110012122111122122121111112222222222,1,8
1111111211111122121212121222110012122111122122121111112222222222,4,7
1111111211111122121211121222111012122111122122121111112222222222,4,8
